2009042417
2009042418
2009042419
2009042420
2009042421
2009042422
2009042423
2009070616
2009070618
2009072500
2009072501
2009072502
2009072503
2009072504
2009072505
2009072506
2009072507
2009072508
2009072509
2009072510
2009072511
2009072512
2009072513
2009072516
2009072517
2009072518
2009072519
2009072520
2009080315
2009080317
2009080320
2009080601
2009080602
2009080604
2009080607
2009080608
2009080609
2009080610
2009080611
2009080612
2009080613
2009080614
2009080615
2009080616
2009080617
2009080618
2009080619
2009080620
2009080621
2009080622
2009080623
2009080700
2009080701
2009080702
2009080703
2009080704
2009080705
2009080706
2009080707
2009080708
2009080709
2009080710
2009080711
2009080712
2009080713
2009080714
2009080715
2009080716
2009080717
2009081100
2009081101
2009081102
2009081103
2009081104
2009081105
2009081106
2009081107
2009081109
2009081110
2009081111
2009081112
2009081113
2009081114
2009081115
2009081116
2009081117
2009081118
2009081119
2009081120
2009081121
2009081122
2009081123
2009081200
2009081201
2009081202
2009081203
2009081204
2009081205
2009081206
2009081207
2009081208
2009081209
2009081210
2009081211
2009081212
2009081213
2009081214
2009081215
2009081216
2009081217
2009081218
2009081219
2009081220
2009081221
2009081222
2009081223
2009081702
2009081703
2009081704
2009081712
2009081723
2009082802
2009082803
2009082804
2009082805
2009082904
2009082905
2009082906
2009082907
2009082908
2009082909
2009082910
2009082911
2009082912
2009082913
2009082914
2009082915
2009082917
2009082918
2009082920
2009082921
2009110806
2009110809
2009110812
2009110815
2009110818
2009110821
2009110900
2009110903
2009110906
2009110909
2009110912
2009110915
2009110918
2009110921
2009111000
2009111003
2009111006
2009111009
2009111012
2009111015
2009111018
2009111021
2009111100
2009111103
2009111106
2009111109
2009111112
2009111115
2009111118
2009111121
2009111203
2009111206
2009111209
2009111212
2009111215
2009111218
2009111221
2009112800
2009112803
2009112806
2009112809
2009112812
2009112815
2009112818
2009112821
2009113000
2009113003
2009113006
2009113009
2009113012
2009113015
2009113018