2014010403
2014010406
2014010409
2014010412
2014010415
2014010418
2014010421
2014010500
2014010503
2014010506
2014010509
2014010512
2014010515
2014010518
2014010521
2014010903
2014010906
2014010909
2014010912
2014010915
2014010918
2014010921
2014012100
2014012103
2014012106
2014012109
2014012112
2014012115
2014012118
2014012121
2014012600
2014012603
2014012606
2014012609
2014012612
2014012615
2014020600
2014020603
2014020606
2014020609
2014020612
2014020615
2014020618
2014020621
2014020700
2014020703
2014020706
2014020709
2014020712
2014020715
2014020718
2014020721
2014020800
2014020803
2014020806
2014020809
2014020812
2014020815
2014020818
2014020821
2014020900
2014020903
2014020906
2014020909
2014020912
2014020915
2014020918
2014020921
2014021000
2014021003
2014021006
2014021009
2014021012
2014021015
2014021018
2014021021
2014021100
2014021103
2014021106
2014021109
2014021112
2014021115
2014021118
2014021121
2014021200
2014021203
2014021206
2014021209
2014021212
2014021215
2014021218
2014021221
2014021300
2014021303
2014021306
2014021309
2014021312
2014021315
2014021318
2014021321
2014021400
2014021403
2014021406
2014021409
2014021412
2014021415
2014021418
2014021421
2014021709
2014021712
2014021715
2014021718
2014021721
2014021800
2014021803
2014021806
2014021809
2014021812
2014021815
2014021818
2014021909
2014021915
2014021918
2014022009
2014022012
2014022015
2014022018
2014022021
2014022818
2014022821
2014030109
2014030115
2014030118
2014030121
2014030200
2014030203
2014030206
2014030209
2014030212
2014030215
2014030218
2014031300
2014031303
2014031306
2014031309
2014031312
2014031315
2014031318
2014031321
2014032000
2014032003
2014032006
2014032009
2014032012
2014032015
2014032018
2014032021
2014052206
2014052207
2014052208
2014052220
2014052222
2014052223
2014060500
2014060501
2014060502
2014060503
2014060504
2014060505
2014060506
2014060507
2014060508
2014060509
2014060510
2014060511
2014060512
2014060513
2014060514
2014060515
2014060516
2014060517
2014060520
2014060521
2014060522
2014060523
2014060900
2014060901
2014060903
2014060905
2014060915
2014060916
2014060917
2014060918
2014060921
2014060922
2014060923
2014061000
2014061001
2014061002
2014061003
2014061004
2014061005
2014061006
2014061007
2014061008
2014061009
2014061013
2014061014
2014061016
2014061017
2014061021
2014061022
2014061023
2014061100
2014061101
2014061102
2014061103
2014061104
2014061105
2014061106
2014061107
2014061108
2014061109
2014061110
2014061111
2014061112
2014061113
2014061115
2014061116
2014061122
2014061304
2014061305
2014061313
2014061314
2014061315
2014061316
2014061317
2014061903
2014061904
2014061910
2014061918
2014061919
2014061920
2014061922
2014061923
2014062000
2014062001
2014062002
2014062003
2014062004
2014062005
2014062006
2014062007
2014062008
2014062009
2014062023
2014062101
2014062102
2014062103
2014062104
2014062105
2014062106
2014062107
2014062108
2014062109
2014062114
2014062116
2014062117
2014062119
2014062120
2014062121
2014062122
2014062123
2014062201
2014062202
2014062203
2014062204
2014062205
2014062208
2014062217
2014062218
2014062219
2014062220
2014062221
2014062222
2014062223
2014070400
2014070401
2014070402
2014070403
2014070404
2014070405
2014070406
2014070407
2014070408
2014070409
2014070410
2014070411
2014080800
2014080801
2014080802
2014080803
2014080804
2014080805
2014080806
2014080807
2014080808
2014080809
2014080810
2014080813
2014080814
2014080815
2014080816
2014080817
2014080818
2014080819
2014080820
2014080821
2014080822
2014080823
2014082600
2014082601
2014082602
2014082603
2014082604
2014082605
2014082606
2014082607
2014082608
2014082609
2014082610
2014082611
2014082612
2014082613
2014082614
2014082615
2014082616
2014082617
2014082618
2014082619
2014082620
2014082621
2014082622
2014082623
2014091218
2014091219
2014091220
2014091221
2014091222
2014091223
2014091301
2014091303
2014091304
2014091305
2014091308
2014091309
2014091710
2014091711
2014091712
2014091713
2014091714
2014091715
2014091716
2014091717
2014091718
2014091719
2014091720
2014091721
2014091722
2014091723
2014092500
2014092501
2014092502
2014092505
2014092508
2014092509
2014092510
2014092511
2014092512
2014092513
2014092514
2014093003
2014093004
2014093005
2014093006
2014093007
2014093008
2014093009
2014093010
2014093011
2014093012
2014093013
2014093014
2014093015
2014093016
2014093018
2014093019
2014100318
2014100319
2014100320
2014100321
2014100322
2014100323
2014100400
2014100401
2014100402
2014100403
2014100404
2014100405
2014100407
2014100605
2014100606
2014100607
2014100618
2014101010
2014101011
2014101012
2014101013
2014101014
2014101015
2014101016
2014101017
2014101019
2014101021
2014102200
2014102201
2014102202
2014102203
2014102204
2014102205
2014102206
2014102207
2014102208
2014102209
2014102210
2014102211
2014102212
2014102213
2014102214
2014102215
2014110621
2014110700
2014110703
2014110706
2014110709
2014110712
2014110715
2014110718
2014110721
2014112500
2014112503
2014112506
2014112509
2014112512
2014112515
2014112518
2014112521
2014112900
2014112903
2014112906
2014112909
2014112912