2013010109
2013010112
2013010115
2013010912
2013010918
2013010921
2013011409
2013011418
2013011421
2013011603
2013011621
2013011700
2013011703
2013011706
2013011709
2013011712
2013011715
2013011718
2013011721
2013012103
2013012106
2013012109
2013012112
2013012115
2013012118
2013012121
2013012200
2013012203
2013012206
2013012209
2013012212
2013012215
2013012218
2013012221
2013012906
2013013009
2013013012
2013020106
2013020109
2013020112
2013020115
2013020118
2013020121
2013020400
2013020403
2013020406
2013020409
2013020412
2013021012
2013021106
2013021109
2013021112
2013021509
2013021512
2013021515
2013021518
2013021521
2013021600
2013021603
2013021606
2013021609
2013021612
2013021615
2013021709
2013021712
2013021715
2013021800
2013021803
2013021806
2013021809
2013021812
2013021818
2013021821
2013021900
2013021903
2013021906
2013021909
2013021912
2013021915
2013021918
2013031300
2013031303
2013031306
2013031309
2013031312
2013031315
2013031318
2013031321
2013031800
2013031803
2013031806
2013031809
2013032000
2013032003
2013032006
2013032009
2013032012
2013032015
2013032018
2013032021
2013032309
2013032421
2013032500
2013032503
2013032506
2013032509
2013032512
2013032515
2013032518
2013032521
2013040202
2013040204
2013040206
2013040211
2013040212
2013040213
2013040214
2013040215
2013040216
2013040217
2013040218
2013040219
2013041700
2013041701
2013041702
2013041703
2013041704
2013041705
2013041706
2013041707
2013041708
2013041709
2013041710
2013041802
2013041809
2013041813
2013042006
2013042007
2013042008
2013042009
2013042010
2013042011
2013042012
2013042013
2013042014
2013042015
2013042016
2013042017
2013042018
2013042019
2013042020
2013042021
2013042022
2013042023
2013042905
2013042907
2013042908
2013042909
2013042910
2013042911
2013042912
2013042913
2013042917
2013043019
2013043020
2013043022
2013043023
2013050100
2013050101
2013050102
2013050103
2013050104
2013050105
2013050106
2013050107
2013050108
2013050110
2013050111
2013050112
2013050201
2013050204
2013050205
2013050207
2013050208
2013050209
2013050210
2013050211
2013050212
2013050213
2013050214
2013050215
2013050216
2013050217
2013050218
2013050219
2013050220
2013051516
2013051517
2013051521
2013060516
2013060518
2013060519
2013060604
2013060605
2013060606
2013060608
2013060609
2013060611
2013060616
2013060617
2013060618
2013060622
2013062108
2013062109
2013062110
2013062113
2013062114
2013062119
2013062120
2013062121
2013062122
2013062123
2013062200
2013062201
2013062202
2013062205
2013062207
2013062209
2013062211
2013062212
2013062213
2013062219
2013062222
2013062519
2013062520
2013062521
2013062522
2013062523
2013062600
2013062601
2013062602
2013062603
2013062604
2013062605
2013062606
2013062607
2013062608
2013062609
2013062610
2013062714
2013062715
2013062717
2013062718
2013062719
2013062721
2013062800
2013062801
2013062802
2013062803
2013062804
2013062805
2013062806
2013062807
2013062808
2013062809
2013062810
2013062812
2013062818
2013062819
2013062820
2013062821
2013062822
2013062913
2013071800
2013071811
2013071812
2013071814
2013071815
2013071816
2013071817
2013071818
2013071819
2013071820
2013071821
2013071822
2013071823
2013073001
2013073002
2013073003
2013073007
2013073008
2013073009
2013073017
2013073018
2013073019
2013073020
2013073021
2013073022
2013073100
2013073101
2013073102
2013073104
2013073105
2013073106
2013073107
2013073108
2013073109
2013073110
2013073111
2013073112
2013080104
2013080109
2013080118
2013080119
2013080120
2013080121
2013080123
2013080201
2013080202
2013080203
2013080204
2013080205
2013080206
2013080207
2013080208
2013080209
2013080210
2013080211
2013080212
2013080213
2013080217
2013082003
2013082004
2013082020
2013082021
2013082022
2013082023
2013082100
2013082101
2013082102
2013082103
2013082104
2013082106
2013082107
2013082108
2013082110
2013082111
2013082114
2013082115
2013082500
2013082501
2013082503
2013082504
2013082613
2013082614
2013082615
2013082616
2013082617
2013082618
2013082619
2013082908
2013082910
2013082911
2013082912
2013082913
2013082914
2013082915
2013082916
2013082917
2013082918
2013082919
2013082920
2013082921
2013083000
2013083001
2013083003
2013083004
2013083005
2013083006
2013083007
2013083010
2013083011
2013083012
2013083020
2013083023
2013083100
2013083101
2013083102
2013083103
2013083104
2013083105
2013083106
2013083107
2013083108
2013083109
2013083110
2013083111
2013090101
2013090104
2013090107
2013090317
2013090318
2013090323
2013090400
2013090401
2013090404
2013090406
2013090408
2013090414
2013090605
2013090606
2013090607
2013090608
2013090609
2013090610
2013090611
2013090612
2013090613
2013090614
2013090615
2013090616
2013090617
2013090618
2013090619
2013090623
2013090700
2013090701
2013090702
2013090703
2013090704
2013090705
2013090706
2013090708
2013090709
2013090710
2013090711
2013090712
2013090713
2013090714
2013090715
2013091401
2013091402
2013091403
2013091404
2013091405
2013091406
2013091407
2013091408
2013091409
2013091410
2013091411
2013091412
2013091413
2013091414
2013091415
2013092123
2013092200
2013092201
2013092202
2013092203
2013092204
2013092205
2013092206
2013092207
2013092208
2013092209
2013092210
2013092211
2013092212
2013092215
2013092220
2013092304
2013092305
2013092307
2013092406
2013092407
2013092408
2013092409
2013092410
2013092412
2013092413
2013092414
2013092415
2013092416
2013092417
2013092418
2013092419
2013092420
2013092421
2013092422
2013092423
2013092500
2013092501
2013092502
2013092503
2013092504
2013092505
2013092506
2013092507
2013092508
2013092509
2013092510
2013092511
2013092512
2013092514
2013092600
2013092607
2013092608
2013092609
2013092610
2013092611
2013092612
2013092614
2013092900
2013092901
2013092902
2013092903
2013092904
2013092905
2013092906
2013092907
2013092908
2013092909
2013092910
2013092911
2013092912
2013092913
2013092914
2013092915
2013092916
2013092917
2013092918
2013092919
2013092920
2013092921
2013092922
2013092923
2013093000
2013093001
2013093002
2013093003
2013093004
2013093005
2013093006
2013093007
2013093008
2013093009
2013093010
2013093011
2013093012
2013093013
2013093014
2013093015
2013093018
2013093019
2013093020
2013093021
2013093022
2013100101
2013100102
2013100103
2013100111
2013100208
2013100220
2013100223
2013100601
2013100602
2013100603
2013100604
2013100605
2013100606
2013100607
2013100608
2013100609
2013100610
2013100611
2013100612
2013100613
2013100614
2013100615
2013100616
2013100617
2013100618
2013100619
2013100620
2013100621
2013100622
2013100623
2013100700
2013100701
2013100702
2013100703
2013100704
2013100705
2013100706
2013100707
2013100708
2013100711
2013100716
2013100717
2013100719
2013100720
2013100721
2013100722
2013100723
2013100900
2013100901
2013100902
2013100903
2013100904
2013100905
2013100906
2013100907
2013100908
2013100909
2013101505
2013101506
2013101507
2013101508
2013101509
2013101510
2013101511
2013101512
2013101513
2013101514
2013101515
2013101516
2013101517
2013101518
2013101519
2013101520
2013101521
2013101522
2013101523
2013101910
2013101911
2013101912
2013101920
2013101922
2013102001
2013102002
2013102003
2013102004
2013102005
2013102006
2013102007
2013102011
2013102012
2013102013
2013102014
2013102015
2013102016
2013102017
2013102018
2013102019
2013102020
2013102021
2013102022
2013102023
2013102202
2013102209
2013102210
2013102211
2013102212
2013102213
2013102214
2013102215
2013102219
2013102221
2013102305
2013102306
2013102307
2013102312
2013102407
2013102408
2013102412
2013102413
2013102414
2013102415
2013110403
2013110406
2013110409
2013110412
2013110415
2013110418
2013110812
2013110815
2013110821
2013120909
2013120912
2013120915
2013120918
2013120921
2013121000
2013121003
2013121006
2013121009
2013121012
2013121709
2013121712
2013121715
2013121718
2013121721
2013121900
2013121903
2013121906
2013121909
2013121912
2013121915
2013121918
2013121921
2013122003
2013122006
2013122009
2013122012
2013122015
2013122018
2013122021
2013122100
2013122103
2013122106
2013122109
2013122112
2013122206
2013122618
2013122621
2013122700
2013122703
2013122706
2013122709
2013122712
2013122715
2013122718
2013122721