2012022400
2012022403
2012022406
2012022509
2012022512
2012022515
2012022518
2012022521
2012022600
2012022603
2012022606
2012022609
2012022612
2012022615
2012022618
2012022621
2012022700
2012022703
2012022709
2012022712
2012022715
2012030203
2012030206
2012030209
2012030212
2012030215
2012030218
2012030221
2012030300
2012030303
2012030306
2012030309
2012030312
2012030315
2012030318
2012030321
2012030400
2012030403
2012030406
2012030409
2012030412
2012030415
2012030418
2012030421
2012030500
2012030503
2012030506
2012030509
2012030512
2012030515
2012030518
2012030521
2012030903
2012030909
2012030912
2012030915
2012030918
2012030921
2012031000
2012031003
2012031006
2012031009
2012031012
2012031015
2012031018
2012031615
2012031618
2012031621
2012031700
2012031703
2012031706
2012031709
2012031809
2012031812
2012031815
2012031818
2012031821
2012031900
2012031903
2012031906
2012032212
2012032215
2012032300
2012032303
2012032306
2012032309
2012032312
2012032315
2012032318
2012032321
2012041016
2012041017
2012041018
2012041020
2012041021
2012041022
2012041023
2012041100
2012041101
2012041102
2012041103
2012041108
2012041109
2012041110
2012041111
2012041112
2012041113
2012041114
2012041115
2012041116
2012041118
2012041119
2012041120
2012041121
2012041314
2012041315
2012041317
2012041318
2012041319
2012041322
2012041922
2012041923
2012042000
2012042001
2012042002
2012042003
2012042004
2012042005
2012042006
2012042007
2012043009
2012043010
2012043011
2012050120
2012050121
2012050122
2012050123
2012050201
2012050202
2012050203
2012050204
2012050205
2012050207
2012050208
2012050209
2012050210
2012050211
2012050212
2012050213
2012050214
2012050215
2012050216
2012050217
2012050218
2012050219
2012050220
2012050221
2012050222
2012050223
2012050300
2012050301
2012050302
2012050303
2012050304
2012050305
2012050306
2012050307
2012050308
2012050309
2012050310
2012050311
2012050312
2012050313
2012050314
2012050315
2012050316
2012050317
2012050318
2012050319
2012050320
2012050321
2012050900
2012050901
2012051007
2012051008
2012051009
2012051010
2012051015
2012051017
2012051018
2012051019
2012051020
2012051021
2012051022
2012051023
2012051100
2012051101
2012051102
2012051103
2012051104
2012051105
2012051107
2012051108
2012051110
2012052714
2012052715
2012052717
2012052902
2012052904
2012052905
2012052910
2012052911
2012052922
2012052923
2012053000
2012053001
2012053009
2012053010
2012053011
2012053012
2012053013
2012053014
2012053015
2012053016
2012053017
2012053018
2012053019
2012053020
2012053021
2012053114
2012053116
2012053117
2012053118
2012053119
2012053120
2012053121
2012053122
2012053123
2012060100
2012060218
2012060220
2012060714
2012060716
2012060717
2012060718
2012060808
2012060810
2012060811
2012060813
2012060814
2012060815
2012060816
2012060817
2012060818
2012060819
2012060820
2012060821
2012060823
2012060900
2012061102
2012061105
2012061106
2012061116
2012061117
2012061118
2012061119
2012061120
2012061121
2012061204
2012061205
2012061206
2012061207
2012061211
2012061213
2012061214
2012061215
2012061216
2012061217
2012061220
2012061221
2012061222
2012061223
2012061407
2012061410
2012061421
2012061422
2012061500
2012061501
2012061503
2012061505
2012061511
2012061512
2012061515
2012061516
2012061517
2012061518
2012061519
2012061520
2012061521
2012061522
2012061523
2012061600
2012061601
2012061602
2012061603
2012061604
2012061606
2012061607
2012061608
2012061609
2012061610
2012061817
2012061818
2012061819
2012061822
2012061823
2012061900
2012061901
2012061902
2012061903
2012061904
2012061905
2012061906
2012061907
2012061908
2012061909
2012061910
2012061911
2012061912
2012061913
2012061915
2012061916
2012061918
2012061919
2012061920
2012061921
2012061922
2012061923
2012062000
2012062001
2012062002
2012062003
2012062004
2012062005
2012062010
2012062210
2012062216
2012062217
2012062219
2012062417
2012062507
2012062509
2012062510
2012062513
2012062515
2012062516
2012062519
2012062520
2012062521
2012062522
2012062523
2012062600
2012062601
2012062602
2012062603
2012062604
2012062605
2012062606
2012062607
2012062608
2012062610
2012062616
2012062617
2012062618
2012062619
2012062620
2012062621
2012062622
2012062623
2012062700
2012062701
2012062702
2012062703
2012062704
2012062705
2012062706
2012062707
2012062708
2012062712
2012062713
2012062714
2012062716
2012062717
2012062718
2012062719
2012062720
2012062721
2012062723
2012062800
2012062801
2012062805
2012062806
2012062807
2012070600
2012070601
2012070602
2012070603
2012070604
2012070605
2012070606
2012070607
2012070608
2012070609
2012070610
2012070611
2012070612
2012070613
2012070614
2012070615
2012070616
2012070617
2012070618
2012070619
2012070620
2012070621
2012070622
2012070623
2012070700
2012070701
2012070702
2012070703
2012070704
2012070705
2012070706
2012070707
2012070708
2012070709
2012070710
2012070711
2012070712
2012071300
2012071301
2012071302
2012071303
2012071304
2012071305
2012071306
2012071307
2012071308
2012071309
2012071310
2012071316
2012071317
2012071318
2012071319
2012071320
2012071321
2012071322
2012071323
2012071400
2012071401
2012071402
2012071403
2012071404
2012071405
2012071406
2012071407
2012071408
2012071409
2012071410
2012071411
2012071412
2012071413
2012071414
2012071415
2012071416
2012071417
2012071418
2012071419
2012071420
2012071421
2012071422
2012071423
2012071705
2012071706
2012071707
2012071708
2012071723
2012072100
2012072101
2012072102
2012072103
2012072104
2012072105
2012072120
2012072122
2012072123
2012072200
2012072201
2012072202
2012072203
2012072204
2012072205
2012072207
2012072208
2012072209
2012072213
2012072214
2012072215
2012072216
2012072221
2012080206
2012080207
2012080209
2012080210
2012080211
2012080212
2012080213
2012080214
2012080215
2012080217
2012080218
2012080219
2012080220
2012080222
2012080305
2012080306
2012080612
2012080613
2012080614
2012080619
2012080621
2012080919
2012080920
2012080923
2012081010
2012081013
2012081014
2012081015
2012081016
2012081017
2012081018
2012081019
2012081020
2012081021
2012081022
2012081213
2012081214
2012081215
2012081216
2012081217
2012081218
2012081219
2012081220
2012081221
2012081222
2012081223
2012081300
2012081301
2012081302
2012081303
2012081304
2012081305
2012081306
2012081307
2012081308
2012081309
2012081310
2012081311
2012081312
2012081313
2012081314
2012081315
2012081316
2012081317
2012081318
2012081319
2012081320
2012081321
2012081322
2012081323
2012081500
2012081501
2012081502
2012081503
2012081504
2012081505
2012081506
2012081507
2012081508
2012081510
2012081512
2012081513
2012081514
2012081515
2012081516
2012081517
2012081518
2012081519
2012081520
2012081521
2012081522
2012081523
2012081600
2012081601
2012081602
2012081603
2012081604
2012081605
2012081606
2012081607
2012081608
2012081609
2012081610
2012081611
2012081612
2012081613
2012081614
2012081615
2012081616
2012081617
2012081618
2012081619
2012081620
2012081621
2012081622
2012081623
2012082100
2012082101
2012082102
2012082103
2012082104
2012082105
2012082106
2012082107
2012082108
2012082109
2012082110
2012082118
2012082120
2012082201
2012082202
2012082203
2012082204
2012082205
2012082206
2012082207
2012082208
2012082209
2012082210
2012082211
2012082212
2012082213
2012082214
2012082215
2012082216
2012082217
2012082218
2012082219
2012082220
2012082221
2012082222
2012082223
2012082300
2012082301
2012082302
2012082303
2012082304
2012082305
2012082306
2012082307
2012082308
2012082309
2012082310
2012082311
2012082312
2012082313
2012082314
2012082315
2012082316
2012082317
2012082318
2012082319
2012082320
2012082321
2012082322
2012082323
2012082400
2012082401
2012082402
2012082403
2012082404
2012082405
2012082406
2012082407
2012082408
2012082409
2012082410
2012082411
2012082412
2012082413
2012082414
2012082415
2012082416
2012082417
2012082501
2012082502
2012082503
2012082504
2012082505
2012082506
2012082508
2012082509
2012082708
2012082709
2012082710
2012082711
2012082712
2012082713
2012082715
2012082716
2012082717
2012082718
2012082720
2012082722
2012082723
2012083001
2012083004
2012083005
2012083006
2012083007
2012083008
2012083009
2012083010
2012083011
2012083012
2012083013
2012083014
2012083015
2012083016
2012083017
2012083018
2012083019
2012083020
2012083021
2012083022
2012083023
2012083100
2012083101
2012083102
2012083103
2012083104
2012083105
2012083107
2012083108
2012083109
2012083117
2012083118
2012083120
2012090101
2012090102
2012090104
2012090106
2012090107
2012090108
2012090109
2012090112
2012090113
2012090115
2012090116
2012090117
2012090119
2012090120
2012090201
2012090204
2012090205
2012090206
2012090208
2012090322
2012090500
2012090501
2012090502
2012090503
2012090504
2012090505
2012090506
2012090507
2012090508
2012090509
2012090510
2012090801
2012090802
2012090803
2012090804
2012090805
2012090806
2012090807
2012090808
2012090809
2012090810
2012090811
2012090814
2012090909
2012090910
2012090911
2012090912
2012090913
2012090914
2012090915
2012090916
2012090917
2012090918
2012091001
2012091002
2012091003
2012091004
2012091005
2012091006
2012091007
2012091008
2012091009
2012091010
2012091011
2012091012
2012091013
2012091016
2012091017
2012091400
2012091401
2012091402
2012091403
2012091404
2012091405
2012091406
2012091407
2012091408
2012091409
2012091410
2012091411
2012091412
2012091414
2012091415
2012091416
2012091417
2012091418
2012091419
2012091420
2012091421
2012091422
2012091423
2012091500
2012091501
2012091502
2012091503
2012091504
2012091505
2012091506
2012091507
2012091508
2012091509
2012091510
2012091511
2012091512
2012091513
2012091515
2012091518
2012091519
2012091520
2012091521
2012091522
2012091523
2012092020
2012092218
2012101021
2012101108
2012101109
2012101110
2012101111
2012101112
2012101113
2012101114
2012101115
2012103005
2012103009
2012103010
2012103011
2012103012
2012103013
2012103014
2012103015
2012103017
2012103018
2012103019
2012103101
2012103107
2012103108
2012103110
2012103112
2012103113
2012103114
2012110418
2012110421
2012111000
2012111018
2012111021
2012111100
2012111103
2012111106
2012111109
2012111112
2012111115
2012112306
2012112309
2012112312
2012112315
2012112318
2012112321
2012112400
2012112403
2012112406
2012112409
2012112412
2012112415
2012112418
2012120100
2012120103
2012120106
2012120109
2012120112
2012120115
2012120118
2012120121
2012120209
2012120212
2012120215
2012120218
2012120600
2012120606
2012120712
2012120715
2012120718
2012120721
2012121712
2012121721
2012121800
2012121803
2012121806
2012121809
2012121812
2012121815
2012121818
2012121821
2012122200
2012122203
2012122206
2012122209
2012122212
2012122215
2012122218
2012122300
2012122303
2012122312
2012122315
2012122318
2012122321
2012122806
2012122809
2012122812
2012122815
2012122818
2012122821