2016012106
2016012109
2016012112
2016012115
2016012118
2016012121
2016012200
2016012203
2016012206
2016012209
2016012212
2016012215
2016012218
2016012221
2016012900
2016012903
2016012906
2016012909
2016012912
2016012915
2016012918
2016012921
2016013000
2016013003
2016013006
2016013009
2016013012
2016013015
2016013018
2016013021
2016020606
2016020609
2016020612
2016020615
2016020618
2016020621
2016021400
2016021403
2016021406
2016021409
2016021412
2016021418
2016021421
2016022321
2016022400
2016022403
2016022406
2016022409
2016022412
2016022415
2016022418
2016022421
2016022906
2016022912
2016022915
2016022918
2016030903
2016030906
2016030909
2016030912
2016030915
2016030918
2016030921
2016031000
2016031003
2016031006
2016031009
2016031412
2016031415
2016031418
2016032309
2016032312
2016032315
2016032318
2016032321
2016032400
2016032403
2016032406
2016032412
2016041018
2016041019
2016041020
2016041021
2016041022
2016041023
2016041100
2016041101
2016041102
2016041103
2016041104
2016041105
2016041106
2016042700
2016042701
2016042702
2016042703
2016042704
2016042705
2016042706
2016042707
2016042708
2016042709
2016042710
2016042711
2016042712
2016042713
2016042714
2016042715
2016042716
2016042717
2016042718
2016042719
2016042720
2016042721
2016042722
2016042723
2016060605
2016060606
2016060607
2016060611
2016060612
2016060613
2016060614
2016060616
2016060618
2016060620
2016060621
2016060623
2016061300
2016061301
2016061306
2016061307
2016061308
2016061309
2016061310
2016061323
2016062106
2016062110
2016071405
2016071406
2016071407
2016071408
2016071409
2016071410
2016071411
2016071412
2016071413
2016071414
2016071415
2016072005
2016072006
2016072007
2016072008
2016072009
2016080814
2016080815
2016080816
2016080817
2016080818
2016080819
2016080820
2016080821
2016080822
2016080823
2016080900
2016080901
2016080902
2016080904
2016080906
2016081501
2016081513
2016081514
2016081517
2016081602
2016081603
2016081604
2016081605
2016081606
2016081607
2016081608
2016081609
2016081610
2016081621
2016081622
2016081623
2016081700
2016081702
2016082223
2016082519
2016082520
2016082521
2016082522
2016082523
2016082600
2016082601
2016082602
2016082603
2016082604
2016082605
2016082606
2016082607
2016082608
2016082609
2016082610
2016082611
2016082612
2016082613
2016082615
2016082616
2016082617
2016082618
2016082619
2016082620
2016082722
2016082800
2016082801
2016082802
2016082803
2016082804
2016082805
2016082806
2016082807
2016082808
2016082809
2016082810
2016082811
2016082812
2016082813
2016082814
2016082815
2016082816
2016082817
2016082818
2016082819
2016082820
2016082821
2016082822
2016082823
2016082900
2016082901
2016082902
2016082903
2016082904
2016082905
2016082906
2016082907
2016082908
2016082909
2016082910
2016082911
2016082912
2016082913
2016082914
2016082915
2016082916
2016082917
2016082918
2016082919
2016082920
2016082921
2016082922
2016082923
2016083000
2016083001
2016083002
2016083003
2016083004
2016083005
2016083006
2016083007
2016083008
2016083009
2016083010
2016083011
2016083012
2016083013
2016083014
2016083015
2016083016
2016083017
2016083018
2016083019
2016083020
2016083021
2016083022
2016083023
2016090203
2016090204
2016090205
2016090206
2016090207
2016090208
2016090209
2016090210
2016090211
2016090212
2016090213
2016090214
2016090215
2016090216
2016090217
2016090218
2016090219
2016090220
2016090221
2016090222
2016090223
2016090300
2016090301
2016090302
2016090303
2016090304
2016090305
2016090306
2016090307
2016090308
2016090309
2016090310
2016090311
2016090312
2016090313
2016090314
2016090315
2016090316
2016090317
2016090318
2016090319
2016090320
2016090321
2016090402
2016090403
2016090404
2016090406
2016090407
2016090408
2016090409
2016090410
2016090415
2016090416
2016090417
2016090418
2016090419
2016090420
2016090421
2016090422
2016090423
2016090500
2016090501
2016090502
2016090503
2016090504
2016090505
2016090506
2016090508
2016090509
2016090510
2016090511
2016090512
2016090513
2016090514
2016090516
2016090519
2016090520
2016090521
2016090523
2016090800
2016090801
2016090802
2016090803
2016090804
2016090805
2016090806
2016090807
2016090808
2016090811
2016090812
2016090814
2016090815
2016090816
2016090818
2016090819
2016090820
2016090823
2016090902
2016090906
2016090912
2016090913
2016090914
2016090915
2016090916
2016090919
2016090920
2016090921
2016090922
2016090923
2016091001
2016091002
2016091004
2016091005
2016091006
2016091007
2016091009
2016091010
2016091011
2016091012
2016091013
2016091014
2016091015
2016091016
2016091017
2016091019
2016091020
2016091022
2016091100
2016091101
2016091102
2016091103
2016091104
2016091105
2016091110
2016091112
2016091114
2016091116
2016091117
2016091118
2016091121
2016091122
2016091123
2016091200
2016091201
2016091202
2016091203
2016091204
2016091205
2016091206
2016091207
2016091208
2016091209
2016091210
2016091211
2016091212
2016091213
2016091214
2016091215
2016091216
2016091217
2016091218
2016091219
2016091220
2016091221
2016091222
2016091307
2016091308
2016091309
2016091312
2016091317
2016091321
2016091800
2016091801
2016091802
2016091803
2016091804
2016091805
2016091806
2016091807
2016091808
2016091809
2016091810
2016091812
2016091813
2016091814
2016091815
2016091816
2016091817
2016091818
2016091819
2016091820
2016091821
2016091901
2016091902
2016091903
2016091904
2016091905
2016091906
2016091907
2016091908
2016091909
2016091910
2016091911
2016091912
2016091913
2016091914
2016091915
2016091916
2016091917
2016091918
2016091919
2016092207
2016092209
2016092210
2016092211
2016092212
2016092213
2016092214
2016092804
2016092805
2016092812
2016092813
2016092814
2016092815
2016092816
2016092817
2016092818
2016092819
2016092820
2016092821
2016092822
2016092823
2016100412
2016100413
2016100414
2016100415
2016100416
2016100417
2016100419
2016100420
2016100423
2016100612
2016100614
2016100615
2016100616
2016100617
2016100618
2016100619
2016100620
2016100623
2016100700
2016100701
2016100702
2016100703
2016100704
2016100705
2016100706
2016100707
2016100708
2016100709
2016100717
2016100718
2016100719
2016100720
2016100721
2016100722
2016100723
2016101208
2016101209
2016101211
2016101813
2016101814
2016102012
2016102013
2016102014
2016102015
2016102016
2016102017
2016102018
2016102019
2016102020
2016102021
2016102022
2016102023
2016102100
2016102101
2016102102
2016102103
2016102104
2016102105
2016102106
2016102107
2016102108
2016102109
2016102110
2016102111
2016102112
2016102113
2016102114
2016102202
2016102206
2016102207
2016102219
2016102220
2016102221
2016102222
2016102223
2016102300
2016102301
2016102302
2016102303
2016102304
2016102305
2016102306
2016102307
2016102308
2016102309
2016102310
2016102311
2016102312
2016102313
2016102314
2016102315
2016102316
2016102317
2016102318
2016102319
2016102320
2016102321
2016102703
2016102704
2016102706
2016102707
2016102708
2016102709
2016102803
2016102804
2016102805
2016102806
2016102807
2016102808
2016102809
2016102810
2016102811
2016102812
2016102813
2016102814
2016102815
2016102816
2016102817
2016102818
2016102819
2016102820
2016102823
2016102900
2016102901
2016102902
2016102903
2016102904
2016102905
2016102906
2016102907
2016102908
2016102909
2016102910
2016102923
2016110600
2016110603
2016110606
2016110609
2016110612
2016110615
2016110618
2016110621
2016110800
2016110803
2016110806
2016110809
2016110812
2016110815
2016110818
2016110821
2016112206
2016112209
2016112212
2016112215
2016112218
2016112221
2016112912
2016112921
2016121315
2016121318
2016121321
2016121400
2016121403
2016121406
2016121409
2016121412
2016121415
2016121418
2016121421
2016122400
2016122403
2016122700
2016122703
2016122706
2016122709
2016122712
2016122715
2016122718
2016122721