2011010100
2011010103
2011010106
2011010109
2011010112
2011010115
2011010118
2011010121
2011010206
2011010209
2011010212
2011010215
2011010218
2011010221
2011010300
2011010303
2011010306
2011010309
2011010312
2011010315
2011010318
2011010321
2011010600
2011010603
2011010606
2011010609
2011010612
2011010615
2011010618
2011010621
2011021200
2011021203
2011021206
2011021209
2011021212
2011021215
2011021218
2011021221
2011021300
2011021303
2011021306
2011021309
2011021312
2011021315
2011021318
2011021321
2011021400
2011021403
2011021406
2011021409
2011021412
2011021415
2011021418
2011021421
2011022800
2011022803
2011022806
2011022809
2011022812
2011022815
2011022821
2011032500
2011032503
2011032506
2011032509
2011032512
2011032515
2011032518
2011032521
2011050508
2011052607
2011052608
2011052609
2011052610
2011052611
2011052612
2011052613
2011052614
2011052615
2011052616
2011052617
2011052618
2011052619
2011052621
2011052623
2011052700
2011052701
2011052702
2011052703
2011052704
2011052705
2011052706
2011052707
2011052708
2011052709
2011052710
2011052711
2011052712
2011052713
2011053105
2011053106
2011053107
2011053108
2011053109
2011053110
2011053111
2011053113
2011053114
2011053115
2011053116
2011053119
2011053123
2011061100
2011061101
2011061102
2011061300
2011061301
2011061302
2011061318
2011062014
2011062021
2011062023
2011062100
2011062101
2011062205
2011062206
2011062207
2011062213
2011062214
2011062215
2011062216
2011062217
2011062218
2011062219
2011062220
2011062221
2011062223
2011071400
2011071401
2011071402
2011071403
2011071404
2011071405
2011071406
2011071407
2011071408
2011071409
2011071410
2011071412
2011071413
2011071414
2011071415
2011071416
2011071417
2011071418
2011071419
2011071420
2011071421
2011071422
2011071423
2011071800
2011071801
2011071802
2011071804
2011071805
2011071806
2011071822
2011071823
2011071900
2011071901
2011071902
2011071903
2011071904
2011071905
2011071906
2011071907
2011071908
2011071909
2011071910
2011071911
2011071912
2011071913
2011071914
2011071915
2011071916
2011071917
2011071918
2011071919
2011071920
2011071921
2011071922
2011071923
2011072000
2011072001
2011072002
2011072003
2011072004
2011072005
2011072006
2011072007
2011072008
2011072009
2011072400
2011072403
2011072405
2011072406
2011072407
2011072408
2011072409
2011072410
2011072411
2011072412
2011072413
2011072414
2011072415
2011072416
2011072417
2011072418
2011072419
2011072422
2011072423
2011072600
2011072601
2011072607
2011072619
2011072620
2011072621
2011072622
2011072623
2011072700
2011072701
2011072702
2011072703
2011072704
2011072705
2011072706
2011072707
2011072708
2011072709
2011072710
2011072711
2011072712
2011072713
2011072714
2011072715
2011072716
2011072717
2011072718
2011072719
2011072720
2011072721
2011072722
2011072723
2011072800
2011072801
2011072802
2011072804
2011072805
2011072810
2011072811
2011072812
2011072813
2011072814
2011072818
2011072902
2011072903
2011072904
2011072905
2011072907
2011072918
2011072919
2011072922
2011072923
2011080100
2011080101
2011080102
2011080103
2011080104
2011080105
2011080106
2011080107
2011080108
2011080110
2011080111
2011080112
2011080113
2011080115
2011080116
2011080117
2011080118
2011080119
2011080121
2011080122
2011080123
2011080200
2011080201
2011080202
2011080203
2011080204
2011080205
2011080206
2011080207
2011080208
2011080209
2011080210
2011080211
2011080212
2011080213
2011080214
2011080215
2011080216
2011080217
2011080218
2011080219
2011080220
2011080221
2011080222
2011080223
2011080300
2011080301
2011080302
2011080303
2011080304
2011080305
2011080306
2011080316
2011080319
2011080320
2011080322
2011080323
2011082100
2011082102
2011082103
2011082112
2011082114
2011082116
2011082214
2011082215
2011082216
2011082217
2011082218
2011082219
2011082220
2011082221
2011082222
2011082310
2011082311
2011082312
2011082313
2011082314
2011082319
2011082400
2011082405
2011082406
2011082407
2011082408
2011082409
2011082410
2011082411
2011082412
2011082413
2011082415
2011082416
2011082417
2011082418
2011082419
2011082420
2011082421
2011082500
2011082501
2011082502
2011082503
2011082504
2011082505
2011082508
2011082509
2011082516
2011082608
2011082611
2011082612
2011082616
2011082618
2011082619
2011082621
2011090204
2011090205
2011090206
2011090207
2011090208
2011090209
2011090210
2011090211
2011090212
2011090213
2011090214
2011090215
2011090216
2011090217
2011090218
2011090219
2011090220
2011090221
2011090222
2011090223
2011090300
2011090301
2011090302
2011090303
2011090304
2011090305
2011090306
2011090307
2011090308
2011090309
2011090310
2011090311
2011090312
2011090313
2011090314
2011090315
2011090316
2011090317
2011090318
2011090319
2011090320
2011090321
2011090322
2011090323
2011090400
2011090401
2011090402
2011090403
2011090404
2011090405
2011090406
2011090407
2011090408
2011090409
2011090410
2011090411
2011090412
2011090413
2011090414
2011090415
2011090416
2011090417
2011090418
2011090419
2011090420
2011090421
2011090422
2011090423
2011090500
2011090501
2011090502
2011090503
2011090504
2011090505
2011090506
2011090507
2011090508
2011090509
2011090517
2011090518
2011090521
2011090522
2011091707
2011091708
2011091709
2011091710
2011091711
2011091712
2011091713
2011091714
2011091715
2011091716
2011091717
2011091718
2011091719
2011091720
2011091721
2011091722
2011091723
2011091800
2011091801
2011091802
2011091803
2011091804
2011091805
2011091806
2011091807
2011091808
2011091809
2011091810
2011091811
2011091812
2011091813
2011091814
2011091815
2011091816
2011091817
2011091818
2011091819
2011091820
2011091821
2011091822
2011091900
2011091911
2011091912
2011091913
2011091914
2011091915
2011091916
2011091917
2011091918
2011091919
2011091920
2011091921
2011091922
2011091923
2011092000
2011092001
2011092002
2011092003
2011092004
2011092005
2011092007
2011092906
2011092907
2011092908
2011092909
2011092910
2011092911
2011092912
2011092913
2011092914
2011092915
2011092916
2011092917
2011092918
2011092919
2011092920
2011092921
2011092922
2011093001
2011093020
2011093021
2011093022
2011093023
2011100100
2011100101
2011100102
2011100103
2011100104
2011100108
2011100122
2011101111
2011101112
2011101113
2011101114
2011102108
2011102109
2011102110
2011102111
2011102112
2011102113
2011102114
2011102115
2011102116
2011102117
2011102118
2011102119
2011102120
2011102121
2011102122
2011102123
2011102200
2011102201
2011102202
2011102203
2011102204
2011102205
2011102206
2011102207
2011102208
2011102209
2011102210
2011102211
2011102212
2011102213
2011102214
2011102215
2011102216
2011102217
2011102218
2011102220
2011102907
2011102908
2011102909
2011102910
2011102911
2011102912
2011102913
2011102914
2011102915
2011102916
2011102917
2011102918
2011102919
2011102920
2011102921
2011102922
2011102923
2011103000
2011103001
2011103002
2011103003
2011103004
2011103005
2011103006
2011103007
2011103008
2011103009
2011103010
2011103011
2011103014
2011103016
2011110503
2011110506
2011110509
2011110512
2011110515
2011110518
2011110521
2011110600
2011110603
2011110606
2011110609
2011110612
2011110615
2011110618
2011110621
2011110700
2011110703
2011110706
2011110718
2011110721
2011110800
2011110803
2011110806
2011110809
2011110812
2011110815
2011110900
2011110903
2011110906
2011110909
2011110912
2011110915
2011110918
2011111006
2011111009
2011111418
2011111421
2011111715