2015010100
2015010103
2015010106
2015010109
2015010112
2015010115
2015010118
2015010121
2015010200
2015010203
2015010206
2015010209
2015010212
2015010215
2015010218
2015010221
2015010300
2015010600
2015010603
2015010606
2015010612
2015010615
2015010618
2015010706
2015010709
2015010712
2015010715
2015010718
2015010721
2015010809
2015010812
2015010906
2015010909
2015011109
2015011112
2015011115
2015011118
2015011121
2015011200
2015011203
2015011206
2015011412
2015011418
2015011421
2015011500
2015011503
2015011506
2015011509
2015011512
2015011515
2015011618
2015011700
2015011703
2015011706
2015011709
2015011712
2015011715
2015011900
2015011903
2015011909
2015012015
2015012018
2015012103
2015012106
2015012109
2015012115
2015012121
2015012200
2015012203
2015012206
2015012209
2015012212
2015012215
2015012218
2015012221
2015012518
2015012521
2015012600
2015012603
2015012606
2015012609
2015012615
2015012709
2015012712
2015012713
2015012715
2015012718
2015012721
2015012800
2015012803
2015012806
2015012809
2015012812
2015012815
2015012818
2015012821
2015012918
2015013000
2015013003
2015013006
2015013009
2015013012
2015013021
2015013100
2015013106
2015013112
2015020409
2015020412
2015020415
2015020418
2015020421
2015020500
2015020503
2015020506
2015020509
2015020512
2015020515
2015020518
2015021800
2015021803
2015021806
2015021809
2015021812
2015021815
2015021818
2015021821
2015021900
2015021903
2015021906
2015021909
2015021912
2015021915
2015040601
2015040602
2015040603
2015040604
2015040605
2015040606
2015040607
2015040608
2015040609
2015040611
2015040612
2015040613
2015040614
2015040615
2015040616
2015040622
2015040623
2015040700
2015040701
2015040702
2015040703
2015040704
2015040705
2015040706
2015040707
2015040708
2015040709
2015040710
2015040711
2015040712
2015040713
2015040714
2015040715
2015040716
2015040717
2015040718
2015040719
2015040721
2015040722
2015040723
2015040800
2015040801
2015040802
2015040803
2015040804
2015040805
2015040806
2015040807
2015040808
2015040809
2015061812
2015061813
2015061814
2015061815
2015061816
2015061817
2015061818
2015061819
2015061820
2015061821
2015061822
2015061823
2015061900
2015061901
2015061902
2015061903
2015061904
2015061905
2015061906
2015062502
2015062505
2015062506
2015062507
2015062508
2015062509
2015062510
2015062519
2015062520
2015062521
2015062522
2015062523
2015062700
2015062701
2015062702
2015062703
2015062704
2015062705
2015062706
2015062707
2015062708
2015062709
2015071602
2015071603
2015071604
2015071605
2015071606
2015071607
2015071608
2015071609
2015071610
2015071611
2015071612
2015071614
2015071616
2015071617
2015071703
2015071705
2015071706
2015071707
2015071708
2015071710
2015071711
2015071712
2015071714
2015071715
2015072100
2015072101
2015072102
2015072103
2015072104
2015072105
2015072106
2015072107
2015072108
2015072110
2015072116
2015072117
2015072119
2015072121
2015072123
2015081314
2015081318
2015081319
2015081320
2015081321
2015081322
2015081323
2015081700
2015081701
2015081702
2015081703
2015081704
2015081705
2015081706
2015081707
2015081711
2015081712
2015081715
2015081718
2015081719
2015081720
2015081721
2015081803
2015081805
2015081806
2015081807
2015081808
2015081813
2015082317
2015082408
2015082409
2015082410
2015082411
2015082412
2015082413
2015082414
2015082415
2015082416
2015082417
2015082418
2015082419
2015082420
2015082421
2015082422
2015082423
2015083105
2015083107
2015083108
2015083109
2015090100
2015090101
2015090102
2015090103
2015090104
2015090105
2015090106
2015090107
2015090108
2015090109
2015090110
2015090111
2015090112
2015090113
2015090114
2015090115
2015090116
2015090119
2015090500
2015090502
2015090503
2015090510
2015090515
2015090516
2015090517
2015090518
2015090519
2015090520
2015090521
2015090522
2015090523
2015090600
2015090601
2015090602
2015090603
2015090604
2015090605
2015090606
2015090607
2015090608
2015090609
2015090610
2015090611
2015090612
2015090613
2015090614
2015090615
2015090616
2015090617
2015090618
2015090619
2015090620
2015090621
2015090623
2015090701
2015090702
2015090704
2015090705
2015090706
2015090707
2015090709
2015090915
2015090916
2015090917
2015090919
2015090920
2015090921
2015090922
2015091700
2015091701
2015091702
2015091703
2015091704
2015091705
2015091706
2015091707
2015091708
2015091709
2015091710
2015091711
2015091712
2015091713
2015091714
2015091715
2015091716
2015091717
2015091718
2015091719
2015091721
2015091722
2015091723
2015092400
2015092401
2015092402
2015092403
2015092404
2015092405
2015092406
2015092407
2015092408
2015092409
2015092410
2015092411
2015092412
2015092413
2015092414
2015092415
2015092417
2015092418
2015092419
2015092501
2015092507
2015092907
2015092912
2015101823
2015101900
2015101901
2015101902
2015101903
2015101904
2015101906
2015101907
2015102118
2015102119
2015102120
2015102121
2015102122
2015102123
2015102200
2015102201
2015102202
2015102203
2015102204
2015102205
2015102206
2015102207
2015102208
2015102209
2015102211
2015110606
2015110609
2015110612
2015110615
2015110618
2015110621
2015110900
2015110903
2015110906
2015110909
2015110912
2015110915
2015110918
2015110921
2015111000
2015111003
2015111006
2015111015
2015111018
2015111021
2015111100
2015111103
2015111106
2015111109
2015111112
2015111115
2015111118
2015111121
2015111200
2015111203
2015111206
2015111209
2015111212
2015111215
2015111218
2015111221
2015111700
2015111703
2015111706
2015111709
2015111712
2015111800
2015111803
2015111806
2015111809
2015111812
2015111815
2015111818
2015111821
2015111900
2015111903
2015111909
2015111912
2015111921
2015112200
2015112209
2015112212
2015112215
2015112218
2015112221
2015112300
2015112303
2015112306
2015112309
2015112312
2015112315
2015112318
2015112321
2015112400
2015112403
2015112406
2015112409
2015112412
2015112415
2015112418
2015112421
2015120715
2015120718
2015121100
2015121103
2015121106
2015121109
2015121112
2015122700
2015122703
2015122706
2015122709
2015122712
2015122715
2015122718
2015122721