2017010509
2017010512
2017010515
2017010518
2017010521
2017010800
2017010803
2017010806
2017010809
2017010812
2017010815
2017010818
2017010821
2017011912
2017012003
2017012006
2017012009
2017012012
2017012015
2017012018
2017012021
2017012909
2017012912
2017012915
2017012918
2017012921
2017020900
2017020903
2017020906
2017020909
2017020912
2017020915
2017020921
2017021000
2017021003
2017021006
2017021009
2017021012
2017021015
2017021018
2017021021
2017021100
2017021103
2017021106
2017021109
2017021112
2017021115
2017021118
2017021121
2017030521
2017030600
2017030603
2017030606
2017030609
2017030612
2017030615
2017030618
2017030621
2017031309
2017031412
2017031415
2017031418
2017031421
2017032018
2017032021
2017032100
2017032103
2017032106
2017032109
2017032112
2017032115
2017032118
2017032600
2017032606
2017032609
2017032612
2017032615
2017032618
2017032621
2017032709
2017032712
2017032715
2017032718
2017032721
2017032903
2017033106
2017033109
2017033112
2017033115
2017033118
2017033121
2017040100
2017040101
2017040102
2017040103
2017040104
2017040105
2017040106
2017040107
2017040108
2017040109
2017040110
2017040111
2017040113
2017040114
2017040115
2017040116
2017040117
2017040119
2017040120
2017040121
2017040123
2017040200
2017040201
2017040202
2017040203
2017040204
2017040205
2017040206
2017040207
2017040208
2017040209
2017040901
2017040902
2017040903
2017040904
2017040905
2017040906
2017040907
2017040908
2017040909
2017040910
2017042005
2017052318
2017052319
2017052320
2017052321
2017052322
2017052323
2017052400
2017052401
2017052402
2017052403
2017052404
2017052405
2017052406
2017052407
2017052408
2017052409
2017052410
2017052411
2017052412
2017052415
2017052418
2017060111
2017060112
2017060113
2017060114
2017060115
2017060116
2017060117
2017060118
2017060119
2017060120
2017060121
2017060122
2017060123
2017060200
2017060201
2017060202
2017060203
2017062415
2017062416
2017062417
2017062418
2017062419
2017062420
2017062421
2017062422
2017062423
2017072118
2017072120
2017072121
2017072122
2017072123
2017072200
2017072201
2017072202
2017072203
2017072204
2017072205
2017072206
2017072207
2017072208
2017072209
2017072210
2017072211
2017072215
2017072216
2017072217
2017072218
2017072219
2017072220
2017072221
2017072222
2017072223
2017072401
2017072402
2017072403
2017072404
2017072405
2017072406
2017072407
2017072408
2017072409
2017072410
2017072411
2017072412
2017072413
2017072414
2017072415
2017072416
2017072417
2017072418
2017072420
2017072421
2017072422
2017072423
2017072500
2017072501
2017072502
2017072503
2017072504
2017072505
2017072506
2017072507
2017072508
2017072509
2017072510
2017072511
2017072512
2017072513
2017072514
2017072515
2017072516
2017072517
2017072518
2017072519
2017072520
2017072521
2017072522
2017072804
2017072805
2017072806
2017072807
2017072808
2017072809
2017072810
2017072811
2017072812
2017072813
2017072814
2017072815
2017072816
2017072817
2017072818
2017072820
2017072821
2017072822
2017072823
2017072900
2017072901
2017072902
2017072903
2017072904
2017072905
2017072906
2017072907
2017072908
2017072909
2017072910
2017072911
2017072912
2017072915
2017072917
2017072919
2017080100
2017080104
2017080105
2017080106
2017080107
2017080108
2017080109
2017080110
2017080111
2017080204
2017080205
2017080206
2017080207
2017080208
2017080209
2017080613
2017080614
2017080618
2017080619
2017080620
2017080621
2017080622
2017080700
2017080701
2017080702
2017080703
2017080704
2017080705
2017080706
2017080707
2017080713
2017080714
2017080715
2017080722
2017080723
2017080903
2017080904
2017080905
2017080906
2017080907
2017080908
2017080909
2017080910
2017080911
2017080912
2017080913
2017080914
2017080915
2017080916
2017080917
2017080918
2017080919
2017080920
2017080921
2017080922
2017080923
2017081000
2017081001
2017081002
2017081003
2017081004
2017081005
2017081006
2017081007
2017081008
2017081009
2017081010
2017081011
2017081012
2017081013
2017081014
2017081015
2017081016
2017081017
2017081018
2017081019
2017081020
2017081021
2017081022
2017081023
2017081100
2017081101
2017081102
2017081103
2017081104
2017081105
2017081106
2017081107
2017081108
2017081109
2017081110
2017081111
2017081112
2017081113
2017081114
2017081115
2017081116
2017081117
2017081118
2017081119
2017081120
2017081121
2017081122
2017081123
2017081200
2017081201
2017081202
2017081203
2017081204
2017081207
2017081208
2017081213
2017081304
2017081305
2017081306
2017081307
2017081308
2017081309
2017081310
2017081312
2017081315
2017081321
2017081322
2017081400
2017081401
2017081402
2017081403
2017081404
2017081405
2017081406
2017081407
2017081408
2017081409
2017081410
2017081411
2017081412
2017081413
2017081414
2017081415
2017081416
2017081417
2017081418
2017081419
2017081420
2017081421
2017081422
2017081423
2017081500
2017081501
2017081502
2017081503
2017081504
2017081505
2017081506
2017081507
2017081508
2017081509
2017081510
2017081511
2017081512
2017081513
2017081514
2017081515
2017081516
2017081517
2017081518
2017081519
2017081520
2017081521
2017081522
2017081523
2017081600
2017081601
2017081602
2017081603
2017081604
2017081605
2017081606
2017081607
2017081608
2017081609
2017081610
2017081611
2017081612
2017081613
2017081614
2017081615
2017081616
2017081617
2017081618
2017081619
2017081620
2017081621
2017081622
2017081623
2017081700
2017081701
2017081702
2017081703
2017081704
2017081705
2017081706
2017081707
2017081708
2017081709
2017081710
2017081711
2017081712
2017081713
2017081714
2017081715
2017081716
2017081717
2017081718
2017081719
2017081720
2017081721
2017081722
2017081723
2017081800
2017081801
2017081802
2017081805
2017081806
2017081807
2017081808
2017081809
2017081812
2017081813
2017081814
2017081815
2017081816
2017081817
2017081818
2017081819
2017081820
2017081821
2017081822
2017081823
2017081900
2017081901
2017081902
2017081903
2017081904
2017081905
2017081906
2017081907
2017081908
2017081909
2017081910
2017081911
2017081912
2017081913
2017081914
2017081916
2017081917
2017081918
2017081919
2017081920
2017081921
2017081922
2017081923
2017082000
2017082002
2017082003
2017082004
2017082005
2017082006
2017082007
2017082008
2017082009
2017082010
2017082011
2017082012
2017082013
2017082014
2017082015
2017082016
2017082017
2017082018
2017082019
2017082020
2017082021
2017082022
2017082023
2017082100
2017082101
2017082102
2017082104
2017082105
2017082106
2017082107
2017082110
2017082112
2017082113
2017082114
2017082115
2017082116
2017082117
2017082118
2017082119
2017082120
2017082121
2017082122
2017082123
2017082200
2017082201
2017082202
2017082204
2017082206
2017082207
2017082215
2017082216
2017082307
2017082308
2017082309
2017082310
2017082311
2017082312
2017082313
2017082314
2017082315
2017082316
2017082317
2017082318
2017082319
2017082320
2017082321
2017082322
2017082323
2017082409
2017082410
2017082411
2017082412
2017082414
2017082415
2017082416
2017082417
2017082418
2017082419
2017082420
2017082423
2017082500
2017082501
2017082508
2017082509
2017082818
2017082819
2017082820
2017082821
2017082822
2017082823
2017082900
2017082901
2017082902
2017082903
2017082904
2017082905
2017082906
2017082907
2017082911
2017082922
2017083001
2017083003
2017091700
2017091701
2017091702
2017091703
2017091704
2017091705
2017091706
2017091707
2017091708
2017091709
2017091710
2017091711
2017091712
2017091713
2017091714
2017091715
2017091716
2017091717
2017091718
2017091719
2017091720
2017091721
2017091722
2017092703
2017092704
2017092705
2017092706
2017092707
2017092708
2017092709
2017092710
2017092711
2017092712
2017092713
2017092714
2017092715
2017092716
2017092717
2017092718
2017092719
2017092720
2017092721
2017092722
2017092723
2017100115
2017100118
2017100119
2017100120
2017100121
2017100122
2017100123
2017100200
2017100201
2017100202
2017100203
2017100204
2017100205
2017100206
2017100207
2017100208
2017100209
2017100210
2017100211
2017100212
2017100213
2017100214
2017100215
2017100216
2017100217
2017100218
2017100219
2017100221
2017100223
2017100300
2017100301
2017100303
2017100305
2017100306
2017100307
2017100308
2017100309
2017100310
2017100311
2017100312
2017100313
2017100314
2017100315
2017100316
2017100317
2017100318
2017100403
2017100404
2017100405
2017100406
2017100407
2017100408
2017100409
2017100410
2017100412
2017100413
2017100416
2017100417
2017100601
2017100606
2017100607
2017100608
2017100609
2017100610
2017100611
2017100612
2017100613
2017100614
2017100615
2017100616
2017100617
2017100618
2017100619
2017100620
2017100621
2017100622
2017100623
2017100700
2017100701
2017100702
2017100703
2017100704
2017100705
2017100706
2017100707
2017100708
2017100709
2017100710
2017100714
2017100715
2017100716
2017100717
2017100718
2017100719
2017100720
2017100807
2017101008
2017101009
2017101010
2017101011
2017101012
2017101013
2017101014
2017101015
2017101016
2017101017
2017101018
2017101019
2017101020
2017101021
2017101022
2017101023
2017101100
2017101101
2017101102
2017101103
2017101104
2017101105
2017101106
2017101107
2017101108
2017101109
2017101110
2017101111
2017101113
2017101202
2017101203
2017101204
2017101205
2017101206
2017101209
2017101210
2017101211
2017101212
2017101213
2017101214
2017101215
2017101216
2017101217
2017101218
2017101219
2017101220
2017101221
2017101222
2017101223
2017101300
2017101301
2017101302
2017101303
2017101304
2017101305
2017101316
2017101810
2017101811
2017101812
2017101817
2017101818
2017101819
2017101820
2017101821
2017101822
2017101823
2017101900
2017101901
2017101902
2017101903
2017101904
2017101907
2017101908
2017101909
2017101911
2017101912
2017101913
2017101914
2017101915
2017101916
2017101917
2017101918
2017101920
2017101921
2017102209
2017102210
2017102211
2017102212
2017102213
2017102214
2017102215
2017102216
2017102217
2017102218
2017102220
2017102221
2017102917
2017102918
2017102919
2017102920
2017102921
2017102922
2017102923
2017103000
2017103001
2017103002
2017110312
2017110315
2017110318
2017110321
2017110400
2017110403
2017110406
2017110409