2008010100
2008010103
2008010106
2008010109
2008010112
2008010115
2008010118
2008010121
2008011503
2008011506
2008011509
2008011606
2008011609
2008011612
2008011615
2008011618
2008011621
2008012003
2008012006
2008012009
2008012012
2008012015
2008012018
2008012021
2008012100
2008012103
2008012106
2008012109
2008012112
2008012115
2008012118
2008012121
2008012609
2008012612
2008012615
2008012618
2008012621
2008020400
2008020403
2008020415
2008020418
2008020500
2008020506
2008020509
2008020512
2008020518
2008020521
2008020600
2008020603
2008020606
2008020609
2008020612
2008020615
2008020618
2008020621
2008020700
2008020703
2008020706
2008020709
2008020712
2008020715
2008020800
2008020803
2008020806
2008020809
2008020818
2008020821
2008020900
2008020903
2008020906
2008020909
2008020911
2008020912
2008020915
2008020918
2008022403
2008022409
2008022412
2008030215
2008030309
2008030312
2008030315
2008030318
2008030321
2008030400
2008030403
2008030406
2008030409
2008030412
2008030415
2008030418
2008030421
2008031400
2008031403
2008031406
2008031409
2008031412
2008031906
2008031909
2008031912
2008031915
2008040912
2008040913
2008040914
2008040915
2008040916
2008040917
2008040918
2008040919
2008040920
2008040921
2008040922
2008040923
2008060301
2008060302
2008060303
2008060304
2008060305
2008060306
2008060307
2008060308
2008060309
2008060311
2008060312
2008060313
2008060314
2008060315
2008060316
2008060317
2008060318
2008060319
2008060320
2008060321
2008060322
2008060323
2008061500
2008062106
2008062110
2008062111
2008062112
2008062113
2008062114
2008062115
2008062116
2008062117
2008062118
2008062119
2008062120
2008062121
2008062122
2008062123
2008062200
2008062201
2008062202
2008062203
2008062204
2008062205
2008062206
2008062207
2008062208
2008062209
2008062210
2008062211
2008062212
2008062213
2008062214
2008062215
2008062216
2008062217
2008062218
2008062219
2008062220
2008062222
2008062223
2008062300
2008062301
2008062302
2008062303
2008062306
2008062307
2008062308
2008062309
2008072500
2008072501
2008072502
2008072503
2008072504
2008072505
2008072506
2008072507
2008072508
2008072509
2008072510
2008072511
2008072512
2008072513
2008072514
2008072515
2008072516
2008072517
2008072518
2008072519
2008072520
2008072521
2008072522
2008072523
2008081701
2008081703
2008081705
2008081706
2008081707
2008081712
2008082208
2008082209
2008082210
2008082211
2008082212
2008082213
2008082214
2008082215
2008082216
2008082217
2008082218
2008082219
2008082220
2008082221
2008082222
2008082223
2008082300
2008082301
2008082302
2008082303
2008082304
2008082305
2008082306
2008082307
2008082308
2008082309
2008082310
2008082311
2008082312
2008082313
2008082314
2008082315
2008082316
2008082317
2008082318
2008082319
2008082320
2008082321
2008082322
2008082323
2008090100
2008090101
2008090102
2008090103
2008090104
2008090105
2008090106
2008090107
2008090108
2008090109
2008090110
2008090111
2008090112
2008090113
2008090114
2008090115
2008090116
2008090117
2008090118
2008090119
2008090120
2008090121
2008090122
2008090123
2008090200
2008090201
2008090202
2008090203
2008090204
2008090205
2008090206
2008090207
2008090208
2008090209
2008090210
2008090211
2008090212
2008090213
2008090214
2008090215
2008090216
2008090217
2008090218
2008090219
2008090220
2008090222
2008092401
2008092403
2008092405
2008092406
2008092407
2008092408
2008092410
2008092412
2008092413
2008092423
2008092822
2008100416
2008100417
2008100419
2008100420
2008100423
2008100500
2008100501
2008100502
2008100503
2008100504
2008100505
2008100506
2008100508
2008100509
2008100510
2008100511
2008100512
2008100513
2008100514
2008100515
2008100516
2008100517
2008100518
2008100520
2008100521
2008100522
2008100523
2008100600
2008100603
2008100604
2008100605
2008100606
2008100607
2008100705
2008100706
2008100707
2008100708
2008100709
2008100710
2008100711
2008100712
2008100713
2008100714
2008100715
2008100716
2008100717
2008100718
2008100719
2008100720
2008100721
2008100722
2008100723
2008100800
2008100801
2008100802
2008100803
2008100804
2008100805
2008100806
2008100807
2008100809
2008100817
2008100818
2008100819
2008110721
2008110800
2008110803
2008110806
2008110809
2008110812
2008110815
2008110818
2008110821
2008110900
2008110903
2008110906
2008110909
2008110912
2008110915
2008110918
2008110921
2008111000
2008111003
2008111006
2008111009
2008111012
2008111015
2008111018
2008122100
2008122103
2008122106
2008122109
2008122112
2008122115
2008122118
2008122121
2008122200
2008122203
2008122206
2008122209
2008122212
2008122215
2008122218