2010020900
2010020906
2010020909
2010020912
2010020915
2010020918
2010020921
2010021000
2010021003
2010021006
2010021009
2010021012
2010021015
2010021018
2010021021
2010030600
2010030603
2010030609
2010030612
2010030615
2010030618
2010030621
2010030700
2010030703
2010030706
2010030709
2010030712
2010030715
2010030718
2010030721
2010030900
2010030903
2010030906
2010030909
2010030912
2010030915
2010030918
2010030921
2010031000
2010031003
2010031006
2010031009
2010031012
2010031015
2010032215
2010032218
2010032221
2010032300
2010032306
2010032309
2010032312
2010032506
2010032509
2010032512
2010032515
2010032518
2010032521
2010040613
2010040614
2010040615
2010040618
2010040619
2010040620
2010040621
2010040622
2010040623
2010042001
2010042002
2010042003
2010042004
2010042005
2010042006
2010042117
2010042118
2010042119
2010042120
2010042121
2010042122
2010042123
2010052300
2010052301
2010052302
2010052303
2010052304
2010052305
2010052306
2010052307
2010052308
2010052309
2010052310
2010052311
2010052312
2010052313
2010052314
2010052315
2010052316
2010052317
2010052318
2010052319
2010052320
2010052321
2010052322
2010052323
2010052400
2010052401
2010052402
2010052403
2010052404
2010052405
2010052406
2010052407
2010052408
2010052409
2010052412
2010052415
2010052417
2010052418
2010052421
2010052422
2010052423
2010052500
2010052501
2010052502
2010052503
2010052504
2010052505
2010052506
2010052507
2010052508
2010052509
2010052510
2010052511
2010052514
2010052515
2010052516
2010052521
2010052523
2010052600
2010052601
2010052602
2010052603
2010052604
2010052605
2010052606
2010052607
2010052608
2010052609
2010052611
2010052612
2010052614
2010060802
2010060803
2010071000
2010071022
2010071023
2010071200
2010071201
2010071202
2010071203
2010071204
2010071217
2010071301
2010071303
2010071311
2010071312
2010071313
2010071314
2010071315
2010071316
2010071317
2010071318
2010071400
2010071401
2010071402
2010080207
2010080208
2010080209
2010080210
2010080211
2010080212
2010080213
2010080214
2010080215
2010080216
2010080217
2010080218
2010080219
2010080221
2010080222
2010080223
2010080300
2010080301
2010080302
2010080303
2010080304
2010080305
2010080306
2010080307
2010080308
2010080310
2010080312
2010080313
2010090700
2010090701
2010090702
2010090703
2010090704
2010090705
2010090706
2010090707
2010090708
2010090709
2010090710
2010090711
2010090712
2010090713
2010090714
2010090715
2010090716
2010090717
2010090718
2010090720
2010090722
2010090918
2010090919
2010090920
2010090921
2010090922
2010090923
2010091100
2010091101
2010091102
2010091103
2010091104
2010091105
2010091106
2010091107
2010091108
2010091109
2010091110
2010091111
2010091112
2010091113
2010091114
2010091115
2010091116
2010091117
2010091118
2010091119
2010091120
2010091121
2010091122
2010091123
2010092000
2010092001
2010092002
2010092003
2010092004
2010092005
2010092006
2010092007
2010092008
2010092009
2010092010
2010092011
2010092012
2010092102
2010092109
2010092110
2010092111
2010092112
2010092113
2010092114
2010092115
2010092116
2010092117
2010092118
2010092119
2010092120
2010092121
2010092122
2010092123
2010092200
2010092201
2010092202
2010092203
2010092204
2010092205
2010092206
2010092207
2010092208
2010092209
2010092210
2010092211
2010092212
2010092213
2010092214
2010092215
2010092216
2010092218
2010092219
2010092221
2010092222
2010092223
2010092300
2010092301
2010092302
2010092303
2010092304
2010092305
2010092306
2010092309
2010092312
2010092423
2010092500
2010092502
2010092508
2010092509
2010092510
2010092513
2010100216
2010100217
2010100218
2010100219
2010100220
2010100221
2010100222
2010100223
2010100401
2010100408
2010100409
2010100412
2010100504
2010100508
2010100518
2010100520
2010100521
2010100805
2010100808
2010100809
2010100810
2010100811
2010100813
2010100814
2010100815
2010100816
2010100817
2010100818
2010100819
2010100820
2010100822
2010100823
2010101220
2010101222
2010101223
2010101300
2010101301
2010101303
2010101304
2010101305
2010101306
2010101307
2010101308
2010101309
2010101310
2010101311
2010101312
2010101313
2010101314
2010101316
2010101317
2010101321
2010101819
2010101820
2010101821
2010101822
2010101823
2010103110
2010103111
2010103112
2010103113
2010103116
2010103119
2010103120
2010103121
2010103122
2010103123
2010123100
2010123103
2010123106
2010123109
2010123112
2010123115